MIN=0	0	0	-0.1	0	0	
MAX=15	30	10	13	30	5	
SCALE=5	10	5	5	10	1	
DEC=1	2	2	2	2	2	
DEF="Time" t / s	"Voltage" U_A1 / V	"Voltage" U_B1 / V	"Collector Current" I_A / nA	"Acceleration Voltage" U_2 / V	"Frequency" f / Hz	
0	0.165	0.265	0.265	1.65	NAN	
0.1	0.21	-0.02	-0.02	2.1	NAN	
0.2	0.03	0.04	0.04	0.3	NAN	
0.3	0.06	0.035	0.035	0.6	NAN	
0.4	0.075	0.05	0.05	0.75	NAN	
0.5	0.105	0.04	0.04	1.05	NAN	
0.6	0.135	0.035	0.035	1.35	NAN	
0.7	0.165	0.055	0.055	1.65	NAN	
0.8	0.18	0.015	0.015	1.8	NAN	
0.9	0.21	0.06	0.06	2.1	NAN	
1	0.24	0.06	0.06	2.4	NAN	
1.1	0.27	0.035	0.035	2.7	NAN	
1.2	0.3	0.065	0.065	3	NAN	
1.3	0.315	0.08	0.08	3.15	NAN	
1.4	0.345	0.14	0.14	3.45	NAN	
1.5	0.36	0.22	0.22	3.6	NAN	
1.6	0.39	0.255	0.255	3.9	NAN	
1.7	0.42	0.555	0.555	4.2	NAN	
1.8	0.45	0.78	0.78	4.5	NAN	
1.9	0.465	1.06	1.06	4.65	NAN	
2	0.495	1.3	1.3	4.95	NAN	
2.1	0.525	1.68	1.68	5.25	NAN	
2.2	0.555	1.92	1.92	5.55	NAN	
2.3	0.57	2.045	2.045	5.7	NAN	
2.4	0.6	1.675	1.675	6	NAN	
2.5	0.63	0.99	0.99	6.3	NAN	
2.6	0.66	0.535	0.535	6.6	NAN	
2.7	0.69	0.27	0.27	6.9	NAN	
2.8	0.69	0.135	0.135	6.9	NAN	
2.9	0.72	0.05	0.05	7.2	NAN	
3	0.75	0.08	0.08	7.5	NAN	
3.1	0.78	0.16	0.16	7.8	NAN	
3.2	0.81	0.285	0.285	8.1	NAN	
3.3	0.825	0.425	0.425	8.25	NAN	
3.4	0.855	0.655	0.655	8.55	NAN	
3.5	0.885	0.93	0.93	8.85	NAN	
3.6	0.915	1.305	1.305	9.15	NAN	
3.7	0.945	1.725	1.725	9.45	NAN	
3.8	0.975	2.21	2.21	9.75	NAN	
3.9	0.99	2.7	2.7	9.9	NAN	
4	1.02	3.15	3.15	10.2	NAN	
4.1	1.035	3.555	3.555	10.35	NAN	
4.2	1.065	3.58	3.58	10.65	NAN	
4.3	1.095	3.09	3.09	10.95	NAN	
4.4	1.11	2.39	2.39	11.1	NAN	
4.5	1.14	1.76	1.76	11.4	NAN	
4.6	1.17	1.07	1.07	11.7	NAN	
4.7	1.2	0.705	0.705	12	NAN	
4.8	1.23	0.425	0.425	12.3	NAN	
4.9	1.245	0.37	0.37	12.45	NAN	
5	1.275	0.415	0.415	12.75	NAN	
5.1	1.305	0.485	0.485	13.05	NAN	
5.2	1.335	0.595	0.595	13.35	NAN	
5.3	1.35	0.905	0.905	13.5	NAN	
5.4	1.365	1.24	1.24	13.65	NAN	
5.5	1.395	1.605	1.605	13.95	NAN	
5.6	1.425	2.105	2.105	14.25	NAN	
5.7	1.455	2.715	2.715	14.55	NAN	
5.8	1.47	3.3	3.3	14.7	NAN	
5.9	1.5	3.82	3.82	15	NAN	
6	1.53	4.345	4.345	15.3	NAN	
6.1	1.56	4.5	4.5	15.6	NAN	
6.2	1.59	4.4	4.4	15.9	NAN	
6.3	1.605	3.91	3.91	16.05	NAN	
6.4	1.635	3.3	3.3	16.35	NAN	
6.5	1.665	2.635	2.635	16.65	NAN	
6.6	1.695	2.12	2.12	16.95	NAN	
6.7	1.71	1.87	1.87	17.1	NAN	
6.8	1.725	1.625	1.625	17.25	NAN	
6.9	1.755	1.42	1.42	17.55	NAN	
7	1.785	1.3	1.3	17.85	NAN	
7.1	1.815	1.31	1.31	18.15	NAN	
7.2	1.845	1.4	1.4	18.45	NAN	
7.3	1.86	1.595	1.595	18.6	NAN	
7.4	1.89	1.9	1.9	18.9	NAN	
7.5	1.92	2.42	2.42	19.2	NAN	
7.6	1.95	2.94	2.94	19.5	NAN	
7.7	1.965	3.41	3.41	19.65	NAN	
7.8	1.995	3.905	3.905	19.95	NAN	
7.9	2.025	4.55	4.55	20.25	NAN	
8	2.04	4.905	4.905	20.4	NAN	
8.1	2.07	4.845	4.845	20.7	NAN	
8.2	2.085	5.035	5.035	20.85	NAN	
8.3	2.115	4.82	4.82	21.15	NAN	
8.4	2.145	4.395	4.395	21.45	NAN	
8.5	2.175	4.13	4.13	21.75	NAN	
8.6	2.205	3.89	3.89	22.05	NAN	
8.7	2.22	3.69	3.69	22.2	NAN	
8.8	2.25	3.605	3.605	22.5	NAN	
8.9	2.28	3.395	3.395	22.8	NAN	
9	2.31	3.13	3.13	23.1	NAN	
9.1	2.325	2.965	2.965	23.25	NAN	
9.2	2.355	2.95	2.95	23.55	NAN	
9.3	2.37	3.21	3.21	23.7	NAN	
9.4	2.4	3.12	3.12	24	NAN	
9.5	2.43	3.825	3.825	24.3	NAN	
9.6	2.445	4.04	4.04	24.45	NAN	
9.7	2.475	4.445	4.445	24.75	NAN	
9.8	2.505	4.965	4.965	25.05	NAN	
9.9	2.535	5.165	5.165	25.35	NAN	
10	2.565	5.61	5.61	25.65	NAN	
10.1	2.58	5.78	5.78	25.8	NAN	
10.2	2.61	5.805	5.805	26.1	NAN	
10.3	2.64	5.985	5.985	26.4	NAN	
10.4	2.67	6	6	26.7	NAN	
10.5	2.7	5.715	5.715	27	NAN	
10.6	2.7	5.865	5.865	27	NAN	
10.7	2.73	5.84	5.84	27.3	NAN	
10.8	2.76	5.715	5.715	27.6	NAN	
10.9	2.79	5.605	5.605	27.9	NAN	
11	2.805	5.605	5.605	28.05	NAN	
11.1	2.835	5.405	5.405	28.35	NAN	
11.2	2.865	5.45	5.45	28.65	NAN	
11.3	2.895	5.565	5.565	28.95	NAN	
11.4	2.925	5.55	5.55	29.25	NAN	
11.5	2.94	5.715	5.715	29.4	NAN	
11.6	2.97	6.08	6.08	29.7	NAN	
11.7	3	6.28	6.28	30	NAN	
11.8	3.03	6.25	6.25	30.3	NAN	
11.9	3.045	6.595	6.595	30.45	NAN	
12	3.06	6.865	6.865	30.6	NAN	
12.1	3.09	7.115	7.115	30.9	NAN	
12.2	3.12	7.315	7.315	31.2	NAN	
12.3	3.15	7.515	7.515	31.5	NAN	
12.4	3.165	7.98	7.98	31.65	NAN	
12.5	3.195	7.7	7.7	31.95	NAN	
12.6	3.195	7.705	7.705	31.95	NAN	
12.7	3.195	7.87	7.87	31.95	NAN	
12.8	3.195	7.7	7.7	31.95	NAN	
12.9	3.195	7.7	7.7	31.95	NAN	
13	3.195	7.715	7.715	31.95	NAN	
13.1	3.195	7.705	7.705	31.95	NAN	
13.2	3.195	7.7	7.7	31.95	NAN	
13.3	3.195	7.82	7.82	31.95	NAN	
13.4	3.195	7.71	7.71	31.95	NAN	
13.5	3.195	7.715	7.715	31.95	NAN	
13.6	3.195	7.99	7.99	31.95	NAN	
13.7	3.195	7.705	7.705	31.95	NAN	
13.8	3.195	7.705	7.705	31.95	NAN	
13.9	3.195	7.845	7.845	31.95	NAN	
14	3.195	7.82	7.82	31.95	NAN	
14.1	3.195	7.7	7.7	31.95	NAN	
14.2	3.195	7.695	7.695	31.95	NAN	
14.3	3.195	7.71	7.71	31.95	NAN	
14.4	3.195	7.815	7.815	31.95	NAN	
14.5	3.195	7.7	7.7	31.95	NAN	
14.6	3.195	7.7	7.7	31.95	NAN	
14.7	3.195	8.03	8.03	31.95	NAN	
14.8	3.195	7.705	7.705	31.95	NAN	
14.9	3.195	7.81	7.81	31.95	NAN	
